patch=2.7.6-3+deb10u1
libreadline7=7.0-5
libssh2-1=1.8.0-2.1
libx11-data=2%3a1.6.7-1+deb10u1
libkrb5-3=1.17-3
gpg-wks-server=2.2.12-1+deb10u1
gcc-8=8.3.0-6
libbsd0=0.9.1-2
perl=5.28.1-6+deb10u1
libkeyutils1=1.6-6
libperl5.28=5.28.1-6+deb10u1
libtsan0=8.3.0-6
libmagic-mgc=1%3a5.35-4+deb10u1
openssh-client=1%3a7.9p1-10+deb10u2
readline-common=7.0-5
libpcre2-8-0=10.32-5
libmagic1=1%3a5.35-4+deb10u1
libdpkg-perl=1.19.7
make=4.2.1-1.2
libncurses6=6.1+20181013-2+deb10u2
xauth=1%3a1.0.10-1
libpsl5=0.20.2-2
libksba8=1.3.5-2
lsb-base=10.2019051400
libgpm2=1.20.7-5
libxmuu1=2%3a1.1.2-2+b3
libalgorithm-diff-xs-perl=0.04-5+b1
git-man=1%3a2.20.1-2+deb10u3
gnupg=2.2.12-1+deb10u1
wget=1.20.1-1.1
build-essential=12.6
gpg-wks-client=2.2.12-1+deb10u1
perl-base=5.28.1-6+deb10u1
libc6-dev=2.28-10
libgssapi-krb5-2=1.17-3
libsasl2-2=2.1.27+dfsg-1+deb10u1
dpkg-dev=1.19.7
git=1%3a2.20.1-2+deb10u3
gpgsm=2.2.12-1+deb10u1
bzip2=1.0.6-9.2~deb10u1
librtmp1=2.4+20151223.gitfa8646d.1-2
less=487-0.1+b1
libcc1-0=8.3.0-6
libgdbm-compat4=1.18.1-4
liberror-perl=0.17027-2
perl-modules-5.28=5.28.1-6+deb10u1
manpages=4.16-2
libcurl3-gnutls=7.64.0-4+deb10u1
cpp-8=8.3.0-6
unzip=6.0-23+deb10u1
libnghttp2-14=1.36.0-2+deb10u1
gpg-agent=2.2.12-1+deb10u1
libpopt0=1.16-12
libxext6=2%3a1.3.3-1+b2
libmpx2=8.3.0-6
libquadmath0=8.3.0-6
libfakeroot=1.23-1
gnupg-utils=2.2.12-1+deb10u1
libsasl2-modules=2.1.27+dfsg-1+deb10u1
ca-certificates=20200601~deb10u1
libstdc++-8-dev=8.3.0-6
rsync=3.1.3-6
libitm1=8.3.0-6
libalgorithm-merge-perl=0.08-3
libxcb1=1.13.1-2
manpages-dev=4.16-2
dirmngr=2.2.12-1+deb10u1
libc-dev-bin=2.28-10
libgomp1=8.3.0-6
publicsuffix=20190415.1030-1
libassuan0=2.5.2-1
libnpth0=1.6-1
binutils-common=2.31.1-16
gpg=2.2.12-1+deb10u1
krb5-locales=1.17-3
libgcc-8-dev=8.3.0-6
file=1%3a5.35-4+deb10u1
libmpc3=1.1.0-1
libxau6=1%3a1.0.8-1+b2
g++=4%3a8.3.0-1
libldap-common=2.4.47+dfsg-3+deb10u2
libubsan1=8.3.0-6
liblsan0=8.3.0-6
libk5crypto3=1.17-3
libbinutils=2.31.1-16
netbase=5.6
libgnutls30=3.6.7-4+deb10u5
libcurl4=7.64.0-4+deb10u1
binutils-x86-64-linux-gnu=2.31.1-16
binutils=2.31.1-16
libalgorithm-diff-perl=1.19.03-2
gpgconf=2.2.12-1+deb10u1
gcc=4%3a8.3.0-1
libsasl2-modules-db=2.1.27+dfsg-1+deb10u1
libfile-fcntllock-perl=0.22-3+b5
libedit2=3.1-20181209-1
libmpfr6=4.0.2-1
libgdbm6=1.18.1-4
g++-8=8.3.0-6
libasan5=8.3.0-6
libisl19=0.20-2
libexpat1=2.2.6-2+deb10u1
linux-libc-dev=4.19.146-1
cpio=2.12+dfsg-9
liblocale-gettext-perl=1.07-3+b4
xz-utils=5.2.4-1
libkrb5support0=1.17-3
libldap-2.4-2=2.4.47+dfsg-3+deb10u2
curl=7.64.0-4+deb10u1
fakeroot=1.23-1
gnupg-l10n=2.2.12-1+deb10u1
cpp=4%3a8.3.0-1
libxdmcp6=1%3a1.1.2-3
base-files=10.3+deb10u6
pinentry-curses=1.1.0-2
libatomic1=8.3.0-6
bc=1.07.1-2+b1
libx11-6=2%3a1.6.7-1+deb10u1
libsqlite3-0=3.27.2-3
